464 4 166.25 2.83
462 4 161.25 2.83
458 4 136.25 2.83
456 4 117.25 2.83
454 4 108.25 2.83
452 4 100.25 2.83
448 4 81.25 2.83
446 4 64.25 2.83
444 4 55.25 2.83
442 4 46.25, 2.83
450 4 26.5 2.83
430 4 19.25 52.69
4MN1 4 176.75 55.25 
4WR1 4 160.75 55.25
475 4 151.25 53.19
473 4 143.75 53.19
471 4 136.25 53.19
470 4 112.99 53.19
429 4 121.69 72.86
426 4 100.25 52.69
424 4 85.75 52.69
422 4 73.25 52.69
418 4 64.75 52.69
425 4 99.25 69.18
423 4 85.75 69.18
421 4 72.25 69.18
419 4 58.75 69.18
417 4 45.25 69.18
415 4 31.75 69.18
413 4 16.75 69.18
4ST1 4 25.75 53.18 
4ST2 4 186.3 53.19
621 6 52.02 40.6875
621A 6 99.25 69.1875
621B 6 85.75 69.1875
621C 6 72.25 69.1875
621D 6 58.75 69.1875
621E 6 52.625 69.1875
640 6 46.25 24.167
642 6 58.75 24.167
644 6 73.25 24.167
646 6 85.75 24.167
648 6 100.25 24.167
650 6 112.989 53.1876
652 6 121.802 35.25
652A 6 121.802 24.167
652B 6 136.25 24.167
656 6 147.75 35.25
656A 6 147.75 24.167
656B 6 161.25 24.167
664 6 172.75 35.25
666 6 172.75 24.167
668 6 195.104 24.167
671 6 136.25 53.1875
672 6 198.489 53.1875
673 6 143.75 53.1875
675 6 151.25 53.1875
6WR 6 160.75 55.25
6MR 6 176.75 55.26
6ST1 6 186.25 53.1875
6ST2 6 46.25 59.75
717 7 44.25 69.1875
718 7 66.5208 53.2188
719 7 58.1788 69.1875
721 7 72.2188 69.1875
722 7 73.25 53.2188
723 7 85.7188 69.1875
724 7 85.7395 53.2188
725 7 99.2188 69.1875
726 7 100.25 53.2188
729 7 121.6875 72.7708
730 7 23.875 62.25
732 7 26.3958 52.6875
746 7 71.1875 35.4375
748 7 73.25 24.167
750 7 19.25 24.1667
752 7 85.719 35.4375
754 7 85.719 24.167
770 7 112.9896 53.2188
771 7 136.25 53.1875
772 7 198.4895 53.1875
773 7 112.9896 53.1875
775 7 136.25 53.1875
7WR1 7 143.75 55.25
7MR1 7 151.25 55.25
7ST1 7 176.75 53.1875
7ST2 7 46.25 54.75
